-1.9493	9.8409	-0.0355
-4.9629	9.0216	0.7166
-1.4768	9.655	-0.5361
1.6692	9.806	0.5242
-7.4271	6.7781	-0.2484
-6.0194	7.2215	0.2302
4.9774	8.0243	0.1956
8.3368	5.4921	0.0079
6.4058	8.8061	-0.4166
2.3003	9.7167	-0.0699
4.0418	9.6189	0.1347
-5.2546	7.7423	0.0733
1.1211	10.1134	-0.1499
8.3378	6.6194	-0.1756
2.4108	10.4547	0.5744
2.6034	9.4033	-0.1356
-8.7201	3.5125	0.4643
-1.3429	10.0285	-0.4846
-10.021	0.9029	-0.3019
7.5251	7.3765	-0.1996
7.5581	6.6714	-0.201
-10.0422	0.8021	0.0627
0.2164	9.9527	-0.2413
5.8085	7.6658	-0.0429
-3.7497	9.7362	0.3311
-10.2872	2.7456	0.1499
-9.5563	3.6667	0.2301
6.5792	7.8099	-0.5454
-9.3409	2.6694	0.0445
-9.7077	2.2545	-0.0624
7.4175	6.6969	0.2459
8.1726	5.3691	-0.1291
4.4042	8.8743	-0.831
-1.7964	9.7599	-0.0264
-8.908	4.3696	-0.2709
-9.8002	4.8893	0.2722
4.7443	8.3458	-0.409
9.0032	4.4936	0.4173
-1.1313	9.7696	-0.0363
-5.8176	8.6854	-0.7878
-0.516	9.9897	0.0008
3.1779	10.3897	0.2274
-8.5255	4.0996	-0.1264
9.4436	1.0194	0.0735
6.2509	8.0182	0.002
-9.526	1.3844	-0.1394
10.0288	3.2169	0.1288
-8.7112	4.8903	-0.0794
3.947	9.307	0.0795
7.061	8.0306	0.3428
4.8396	8.6995	0.0068
-5.5236	7.6572	0.0802
9.453	0.0602	-0.3872
-9.7321	1.4748	0.6203
-10.1678	0.2941	0.3995
-5.4338	8.9155	-0.0854
-5.5904	8.4663	0.3367
3.9514	8.7499	0.6103
-9.5539	4.1891	0.694
-1.4014	9.9281	0.0693
2.9593	9.2258	-0.2718
6.3843	8.2613	-0.0966
3.4755	8.9164	-0.4926
0.5193	9.7583	-0.2136
7.9665	5.1542	0.2285
9.0572	4.4348	-0.7581
9.8769	1.1513	0.4184
-4.197	8.9544	0.0752
3.7814	9.4562	0.4921
5.2747	8.4176	-0.3408
10.1897	1.5228	0.1544
7.9085	6.2414	-0.5019
7.6038	6.4632	0.2338
4.0522	9.1377	0.0067
10.2371	0.665	-0.2125
10.5577	2.2587	-0.1373
-3.1408	9.2864	0.6595
10.3659	0.616	-0.3763
-3.3776	9.179	-0.1788
8.9327	3.5377	0.0238
-5.2029	8.675	-0.2039
-5.0451	9.2861	0.5589
-9.7961	2.6295	0.1567
0.9327	9.957	0.0136
6.9208	7.085	0.3284
-9.2283	3.3156	0.2806
-4.4713	8.8234	-0.0529
8.2805	4.0182	-0.3571
-9.7171	0.0179	-0.5968
-9.7201	1.9938	0.1475
-4.5483	8.6778	0.0632
-7.0893	7.1115	-0.0298
-6.9246	7.5579	0.3519
6.0326	7.3389	0.374
-3.7751	8.7056	-0.1607
-6.4302	7.6221	-0.1562
1.8379	9.6341	0.156
8.4484	5.381	-0.7028
-5.5832	8.5283	0.168
6.5084	7.4293	-0.0257
3.3838	9.7118	0.0955
7.0965	7.1233	0.5357
-7.2662	6.5965	-0.3864
3.3726	9.2749	0.8541
-8.4517	5.6482	-0.1964
10.639	0.0534	0.0331
9.8285	1.4973	0.0045
-8.3704	4.6301	0.7973
-6.109	7.8818	-0.1693
9.8056	1.2875	0.6686
3.9207	9.5566	-0.4937
8.8154	4.4574	0.0049
-7.7058	5.6027	-0.6673
-9.8096	2.5339	-0.5164
-4.8801	7.6912	0.3614
7.1619	7.2366	0.1882
4.0091	8.3471	-0.1277
3.7044	9.2016	0.9385
0.7285	10.0111	-0.6173
-5.3786	7.9273	0.0467
6.9257	7.1331	-0.3553
-8.3878	5.3263	0.277
2.9059	9.692	-0.065
-6.6855	6.8935	-0.3944
-8.7358	4.0529	0.5849
8.4658	5.0768	0.0555
9.5233	2.0907	-0.5498
6.081	8.2887	0.4405
8.2605	5.8701	-0.3958
-9.3241	4.7694	-0.217
-7.1276	8.0178	-0.267
-1.4511	9.8128	-0.5383
-8.6709	4.1269	0.7858
-5.609	7.7355	0.5006
-3.5547	9.1779	-0.5616
6.0819	8.337	0.0396
-6.6791	7.6649	0.5163
-8.5257	5.1133	-0.989
-0.2747	9.0458	0.2574
-0.7521	10.604	-0.0945
-0.57	10.1711	0.0525
10.5951	0.7301	0.1208
6.3067	8.1422	-0.7515
-9.3085	2.4546	-0.3502
3.6453	9.2647	0.0439
-4.44	9.1452	-0.703
5.6653	8.9739	-0.4281
1.0225	9.1473	0.3392
6.3385	7.3879	-0.1709
3.2832	9.8171	0.2574
5.4262	8.5029	0.6144
-3.8943	9.4085	-0.0176
-9.8975	2.7036	0.4447
6.257	7.8085	-0.0004
6.581	7.9019	0.0269
-5.5263	7.9321	-0.1809
8.5496	2.9863	-0.2695
7.2394	6.092	-0.2313
9.1283	2.5032	-0.5304
0.6168	10.1064	0.1249
-6.5319	7.3405	-0.714
-7.8587	7.0554	-0.204
-6.4749	6.497	0.1305
-9.1681	3.5193	-0.0886
-3.1456	8.9842	-0.5631
6.9697	7.552	0.8602
-2.3148	9.6971	0.1196
3.5989	9.3783	-0.006
3.2412	9.3711	-0.0051
-3.1679	9.2406	0.6265
-3.7866	9.2432	-0.2999
10.3569	0.2958	0.1715
-0.8114	10.1176	-0.5379
8.716	4.8897	-0.2134
-1.5682	9.8728	-0.0063
0.9518	10.0823	-0.1593
-9.94	2.4	-0.4526
9.3965	3.3601	0.5372
-10.1836	2.7349	-0.5677
-2.0273	9.6272	0.594
9.9338	0.9399	0.7363
-7.7118	6.3665	-0.0026
0.3322	10.2074	0.5776
9.3839	0.3559	-0.2429
4.9026	8.5141	-0.6141
-9.7581	2.594	-0.0265
5.5066	7.5916	-0.1557
-5.5551	7.6437	0.6835
8.739	4.8259	0.0112
4.0628	9.0291	0.0013
-2.1717	9.1302	-0.1415
6.7901	7.9938	-0.2734
-2.4171	9.4256	-0.8739
-5.9917	9.0271	-0.356
-0.0774	9.3195	-0.2118
7.7437	6.916	-0.6642
7.8319	6.0557	-0.2421
-4.6941	8.8193	0.003
4.2148	9.277	0.7277
-8.7396	5.1742	-0.1704
-2.2541	10.164	-0.2106
-3.7966	9.2053	0.4771
10.3746	2.1994	0.4811
-6.5605	7.5146	-0.056
-7.2006	6.8223	-0.1208
-3.7389	9.4154	0.2739
-7.7177	6.0626	0.1338
8.6139	5.2865	0.8685
-0.111	10.0548	-0.2318
-3.1461	9.0513	0.135
-6.8675	6.8608	0.3319
10.0365	3.4555	0.1517
-2.6139	9.6725	0.954
10.707	1.0542	0.4918
7.13	6.3587	0.1454
-3.0528	9.6952	-0.6154
8.5639	4.1042	0.3052
-6.8915	6.8098	-0.5353
3.4194	9.038	-0.0247
-4.4264	8.263	-0.0792
-1.5668	9.3467	0.6988
-8.0672	6.0538	-0.1334
2.2509	9.7061	-0.8025
-8.232	5.4041	-0.7569
7.0464	6.1787	-0.5033
-9.1589	3.5257	0.2012
-1.4261	9.5839	0.3141
7.2908	6.3858	0.6478
-0.5332	9.9586	-0.3547
-8.7088	5.5431	-0.0144
9.7994	1.61	-0.9059
8.7719	4.8019	-0.0568
-5.351	8.0724	0.2393
5.2387	8.0693	0.5562
-8.1998	5.5823	0.4357
-6.0475	7.3034	0.2354
9.0848	3.2623	-0.2936
-6.5632	7.292	-0.484
8.3227	6.7525	0.2606
-5.0596	8.0939	0.879
-7.5403	7.1303	-0.2448
-9.1231	3.5099	-0.1061
6.7729	8.059	0.0404
-8.7808	2.9746	0.3528
-10.6307	0.5041	0.0347
-7.7867	6.7258	-0.6663
0.2431	9.9248	0.3678
-9.1976	1.0676	-0.0447
9.4639	1.587	-0.3567
3.5967	9.3513	0.0395
6.9027	7.3373	-0.1428
8.2169	6.0283	0.247
9.7018	1.7617	-0.5795
1.227	9.5714	0.2613
9.0388	4.3555	-0.0343
7.2247	7.019	-0.7021
-9.2067	2.436	-0.468
-10.0637	1.5929	-0.3702
-5.2347	8.3442	0.3663
8.8693	4.2762	-0.2039
-3.9629	9.4609	0.8102
4.3919	8.981	0.0459
-0.5514	9.766	0.7366
10.3987	0.5101	-0.1762
6.9841	6.6653	0.1253
-2.3016	9.2818	0.1959
9.9272	4.2353	0.5284
4.9993	8.1327	0.6593
-1.663	9.7894	0.0765
2.5322	9.9953	-0.4141
-5.9982	7.1503	0.6972
-10.4357	1.5188	-0.3247
10.0186	2.2779	-0.6493
-1.4024	9.4563	0.2518
8.2307	5.8192	0.3231
-10.0268	2.0326	-0.2648
-9.2889	0.203	0.4726
10.1152	3.9892	-0.4854
-4.6583	9.4469	0.2608
9.0033	4.5809	0.0585
-4.2712	8.7338	0.515
2.2759	9.875	-0.7862
9.3768	2.8527	0.2413
9.2333	1.6391	0.1746
-5.8229	8.7833	0.1184
4.4108	9.2756	-0.1305
5.4701	8.6716	-0.3319
9.9506	0.3585	-0.0727
3.9293	9.0497	-0.1363
-10.1735	0.8601	0.4032
-8.8884	6.0632	0.2557
9.0982	5.1724	0.0439
-6.3835	8.244	-0.3123
-9.3463	3.822	0.0067
-8.3953	5.224	0.113
-10.3635	1.3676	0.6191
-4.9043	8.9339	0.7541
-0.6914	9.6747	-0.7393
8.9049	3.7106	-0.2441
5.9582	7.1796	0.6474
6.6606	7.6936	0.2478
-9.948	1.4808	0.1336
2.4867	9.6979	0.0355
-1.5823	10.6116	-0.5563
1.406	9.9215	-0.0216
-2.4871	9.8327	-0.0773
2.1441	9.7794	0.7826
-2.6428	10.0018	0.7856
-5.2027	8.4603	0.0049
-5.6319	8.3457	0.2034
-9.2163	3.8297	-0.5488
2.2183	9.836	-0.1829
-5.7155	7.2235	0.3504
0.8134	10.0455	0.3032
-6.5253	7.9159	-0.6022
-3.1282	9.7118	-0.4634
-9.8771	1.6947	0.8738
-8.946	4.4942	0.0019
3.9887	9.2827	0.1307
9.2896	3.6126	-0.0746
6.6779	7.4571	0.1211
-9.7269	2.3163	-0.0304
6.5493	7.8908	-0.1765
9.5104	4.9826	-0.3398
5.9739	8.0064	0.0124
1.1099	10.0807	-0.1437
10.7712	0.6603	0.3351
10.1032	2.1484	-0.7165
4.8759	9.1586	0.8902
-9.6518	0.0306	0.621
-9.2921	4.3904	0.669
-4.5825	8.8093	0.9734
8.4375	5.9978	0.5357
0.8176	10.4034	-0.5489
2.5752	10.1245	0.7574
-7.1985	6.1676	0.5989
1.26	10.4022	0.7371
9.4455	3.1713	-0.0336
-0.6799	9.7102	0.408
0.1799	9.7421	0.0381
5.9023	8.072	0.081
5.1292	7.8014	-0.4682
7.7438	5.9447	0.1033
3.0361	9.5165	0.0029
0.3644	9.4313	-0.2471
-8.0533	4.3866	0.1638
-8.6622	4.4328	0.4041
9.5755	0.7695	-0.1797
0.0992	10.0321	0.8732
5.9678	8.6545	-0.3264
4.1287	8.7678	0.4797
-7.7805	7.2194	0.4593
-8.5632	4.3646	-0.2402
4.5071	8.514	-0.3263
9.9127	0.5227	-0.0122
9.6414	4.0584	-0.7507
3.9117	8.7238	-0.5609
3.524	9.0636	-0.1876
2.827	10.497	0.3586
9.4537	0.4562	-0.0617
4.2487	9.8614	-0.2634
-7.2298	6.8614	-0.0382
5.3081	7.6233	-0.6081
-6.3991	6.7483	0.4601
-5.8931	8.6227	0.501
-2.1984	10.6373	-0.413
7.839	7.2687	0.6252
8.2823	5.5761	-0.0001
-5.4677	8.9034	0.0194
2.2638	9.4636	-0.3174
9.6937	0.0201	-0.0809
9.9789	1.1065	0.4187
-9.1276	2.978	-0.1455
4.2422	9.0429	0.0472
-8.1736	7.2303	-0.0361
1.1833	9.9902	0.5425
-1.4945	9.4414	-0.7758
-8.0297	6.1888	-0.5884
9.992	2.4975	0.7554
2.762	9.7842	0.1931
4.5626	9.0961	-0.067
-9.1129	0.6331	0.0771
-4.9683	8.6529	0.2496
6.3519	7.7085	-0.0193
5.8708	7.0542	-0.199
5.0262	8.0235	-0.4453
4.0769	9.6576	-0.0948
-9.4637	4.2291	0.4183
-3.1978	9.0001	-0.7198
-10.3657	0.8821	-0.4893
-1.4254	9.3985	0.1591
-4.0912	8.8403	-0.3465
-8.3842	5.8507	-0.0404
2.1148	10.5155	-0.4144
-1.5187	10.2699	0.7574
5.9579	8.2451	0.2072
7.1898	6.7421	0.1222
2.0242	9.9348	0.2971
-7.725	6.5924	-0.0371
8.5368	5.1801	-0.006
9.5688	4.3699	0.0648
5.9207	7.6117	0.1188
10.092	2.2232	0.1327
9.9978	0.5312	-0.2845
-7.5069	5.8918	-0.3987
9.3899	1.6008	0.1619
7.6524	6.6947	0.2031
-8.5649	5.0789	0.6754
9.6749	0.6343	0.6099
10.6456	1.7196	-0.1539
4.8157	8.6895	0.4627
9.2461	4.2269	0.5684
-9.7138	3.1961	-0.0236
-5.1687	9.3042	0.0522
1.7117	9.6592	0.1135
9.9476	0.8774	-0.1322
9.6602	1.9642	0.2468
8.4346	6.7394	0.0247
-2.8373	8.8236	0.6182
6.487	7.0162	-0.7871
-3.8523	9.9038	-0.1487
-9.9247	1.5233	-0.0408
6.8779	7.0587	-0.4572
-4.1686	9.3528	0.0087
-5.3641	8.3986	0.0248
-9.3864	3.1508	0.2428
8.8507	3.4682	0.5707
2.643	9.7934	-0.811
-9.8164	2.282	-0.0022
-9.9194	2.2122	-0.5141
-4.6041	9.3876	0.2531
7.3058	7.0749	0.3475
-2.0694	9.441	-0.1013
9.5309	4.6945	0.6058
-6.3874	8.066	0.8295
-9.7014	2.9076	-0.7305
-0.9616	9.3286	0.0853
-6.4719	7.3557	0.037
1.0425	10.404	0.599
-3.2225	9.1985	0.3969
6.5146	7.9328	-0.7668
-4.9184	8.7282	-0.0578
2.2737	10.62	0.3826
5.0992	8.085	0.2806
2.2818	10.6155	0.2305
-9.7077	2.4042	-0.628
8.7105	6.0375	0.2124
7.5081	6.4368	0.0874
-9.8564	1.5344	-0.3879
0.0459	10.1504	-0.0609
0.472	10.1041	0.9926
-10.0949	1.7803	0.4229
3.2204	9.7906	0.1225
-5.2583	9.1509	-0.1807
0.5161	10.3298	-0.3405
-5.9612	7.0808	0.4608
-1.4419	10.1999	0.4895
-3.1276	10.2682	0.1446
-2.9759	9.7635	0.7891
-5.4659	7.687	0.0641
-9.5657	1.8354	0.0864
5.7299	8.3453	-0.0361
-8.9706	3.5046	-0.1221
-0.0203	10.7315	-0.2872
0.3647	10.1466	0.1198
9.7905	2.5589	0.5857
-1.6738	9.7189	-0.6958
-1.0267	9.5122	0.0876
-1.2875	9.8978	-0.0275
-5.2651	8.8044	-0.735
-9.3338	2.2694	0.0639
-7.8026	5.8894	0.0611
4.1069	9.95	0.0836
4.5667	9.8417	0.3326
-6.4628	7.696	0.0032
-5.9272	8.9384	0.59
-1.4069	9.9002	0.0232
-4.5179	8.972	0.0589
-5.7438	8.3244	-0.0325
5.8324	8.5314	0.0631
-6.9857	8.0539	0.5429
0.7446	10.2664	0.4506
6.7775	7.8153	0.2714
-6.7584	8.3877	0.3284
-6.7963	7.7964	0.748
-4.9389	8.7725	0.0839
-3.6999	9.2934	-0.0017
8.9894	5.6077	0.4145
4.1048	9.4908	-0.2766
3.0468	9.0205	0.0218
-6.1365	8.2393	-0.0214
-7.9308	6.0242	-0.1359
8.6811	4.4661	-0.1057
-0.6618	9.9567	-0.1566
9.9513	0.4747	0.0156
8.6325	5.7613	0.8606
9.1024	4.0933	0.4893
-6.2879	7.5588	0.9106
-9.9476	1.3067	0.0323
8.7981	5.6045	0.2662
-4.6862	9.2986	0.1953
8.7527	5.1971	0.2366
4.214	8.5454	-0.6912
-7.8977	5.6248	-0.176
3.865	9.1548	-0.0554
-1.1718	9.9024	-0.7015
-4.1288	8.9036	0.0474
5.333	8.0229	0.1088
-3.3043	9.6143	0.026
-0.6088	10.5526	0.083
-5.6832	7.4582	-0.7417
-7.5155	6.0248	0.5251
-2.9324	9.6227	0.6473
1.7282	9.9009	0.1574
-2.3374	9.6715	-0.1817
10.6852	0.8947	-0.515
6.6639	7.7016	-0.3597
-8.1639	4.9188	-0.477
-7.725	6.0386	-0.0339
-2.1153	8.9989	0.2351
-6.3648	8.1024	0.8325
-0.7643	10.5033	0.1036
6.9266	7.0758	0.8244
10.1122	3.0424	-0.3708
-6.2887	7.0534	0.8144
-3.7324	10.1361	0.0502
4.1115	8.9266	0.2932
-10.02	0.4094	0.1023
6.2745	7.8256	0.0142
-8.2238	6.1589	0.653
-8.2686	5.8895	-0.123
-5.7287	7.6135	0.0894
0.8466	10.4187	-0.8606
-7.9509	5.9971	-0.1154
0.3649	10.0109	-0.1048
6.5641	6.4071	0.0646
2.4686	9.301	0.0218
8.7632	4.8621	-0.0831
-7.4101	6.6369	-0.2587
8.418	4.3727	0.193
-6.5994	7.3992	0.3916
5.4689	9.116	0.2108
-2.5519	9.0532	-0.6395
-10.0824	1.0856	-0.127
9.9274	3.7038	0.0578
-5.6344	7.7415	0.7734
9.7407	2.1746	0.3509
-4.9519	8.3258	-0.0527
3.8831	8.395	-0.382
-8.436	4.8042	-0.2456
-9.1115	0.2619	-0.023
0.4563	9.8171	0.7262
2.8057	9.5346	-0.3694
5.9333	8.8786	0.4514
5.2726	8.7727	-0.4311
6.7518	8.0317	0.4915
-10.4049	1.9248	0.0184
0.9203	10.6825	-0.4621
-7.6654	6.8613	0.1271
-6.0089	7.9183	0.0833
-4.6236	8.7291	-0.4613
-8.6214	3.3798	0.0296
8.6971	6.1215	-0.3337
8.3553	5.9654	0.3817
-6.6306	7.7356	-0.939
6.8675	7.5539	-0.6497
-5.0058	9.5528	0.2929
7.2443	7.6277	0.2306
-9.4942	1.6374	-0.3524
4.0762	9.2045	-0.2864
0.1133	9.9094	0.3084
9.8646	1.0394	-0.5663
5.4525	8.2544	0.7212
-6.0885	7.9003	-0.3139
0.6342	9.2848	-0.0893
9.7779	2.1888	-0.6464
-2.5505	9.4262	-0.2791
8.2363	4.8637	0.0459
-10.214	0.2345	-0.0328
-9.4064	3.6424	-0.1482
-0.5431	9.9773	0.0131
9.0114	4.6963	-0.1003
1.4304	9.7549	-0.2854
-6.6107	7.2242	0.2804
3.1514	9.4065	-0.446
4.2952	8.788	0.2445
2.3969	9.8286	-0.1662
-7.3056	6.8095	0.2626
-9.3186	5.6515	0.1922
-9.1614	4.4138	-0.1972
-9.5868	3.4085	-0.287
-9.4832	3.5246	-0.0102
5.6594	8.7124	0.0716
-8.7754	5.2207	-0.0142
10.2533	2.1548	0.3168
-0.9512	9.99	0.2888
-5.1684	8.5763	-0.0079
-7.523	6.7438	0.0722
-1.8795	10.1481	0.6718
-1.722	9.7161	0.9037
7.658	7.7169	-0.386
4.1752	8.8001	-0.2188
8.6601	5.048	-0.2403
-9.2004	4.0923	0.0884
6.701	6.3527	0.4987
5.9429	7.3193	0.3793
0.5836	10.0027	-0.1581
-8.1316	4.7123	0.5255
6.1509	8.7263	-0.067
-9.6388	2.6627	0.0394
-5.6778	7.8218	0.1386
5.4893	8.3208	0.0024
-8.9649	4.9671	0.3613
-10.1434	2.3308	-0.3599
-10.4195	1.7009	0.3097
-6.5144	7.0936	-0.7555
-3.702	9.4026	0.4534
-7.4602	6.6124	0.0761
9.6198	3.2351	-0.3107
-9.4979	1.8535	0.8093
-5.1764	7.7316	-0.0487
9.8202	1.0853	-0.1503
-1.598	10.3818	0.3818
-9.5003	0.8126	-0.6572
-9.7476	2.467	-0.0645
-9.998	0.7577	-0.571
-7.7549	6.5353	0.689
-6.7161	7.8852	0.2329
-8.5538	5.0701	0.031
1.8357	9.8177	0.0006
-9.8455	2.1538	0.1793
-3.0927	9.4039	0.5049
-9.0224	0.1941	-0.0192
3.5678	8.8858	-0.1791
4.2464	9.5944	-0.132
6.446	7.6235	-0.652
-7.3882	5.8469	-0.5986
-8.2174	5.7472	0.1306
10.9334	0.2426	-0.0243
0.7509	9.9225	0.2817
9.7861	1.9939	-0.1062
6.479	6.609	0.6058
-9.0874	3.9735	0.032
9.3196	4.0668	0.0916
-3.0303	9.5444	-0.7205
1.3468	10.1048	0.0846
9.8099	1.0934	0.1133
1.9672	9.8081	-0.0737
4.5503	9.4986	0.1316
-6.9066	5.9112	-0.1866
-8.8297	6.3652	-0.4114
-1.4447	10.0376	0.2283
-7.8833	5.1269	-0.4668
3.7753	9.3288	0.3305
0.7345	10.7669	0.2296
-0.1966	9.9055	-0.0989
-7.5417	6.5663	-0.0005
-3.9604	9.7447	-0.5827
-1.1962	9.9889	0.0465
2.7984	9.1076	-0.3927
-6.2808	8.5581	-0.0999
10.1695	0.4946	-0.1026
0.524	10.0129	-0.7813
5.7418	7.9945	-0.2531
2.2601	9.6911	-0.325
-9.5547	3.2431	-0.0113
-9.2223	4.1459	0.0365
-5.6481	7.7756	0.3003
5.5079	8.6632	-0.0704
9.4718	0.8061	-0.322
3.7371	10.2643	-0.2034
-4.8736	9.4215	-0.2018
8.618	5.0869	-0.1478
-9.8861	1.3718	-0.2664
1.2043	9.1967	0.1742
-0.7208	10.1102	-0.1352
-1.9712	10.4318	-0.0184
7.8307	6.065	-0.538
-9.7724	1.3327	-0.2908
-8.2324	5.6872	-0.0008
-9.9647	2.7481	-0.2661
-5.931	7.6809	-0.3301
9.5329	0.4177	0.3284
-2.079	9.7709	-0.0134
-5.8376	8.4167	0.3926
-9.0889	3.8387	-0.1213
-3.6743	8.6792	-0.2025
-7.5892	5.8657	0.793
-8.9456	4.4143	0.8307
-8.7257	4.9035	-0.9904
-1.7294	9.9584	-0.9518
-10.1495	1.0653	-0.2171
-3.3809	8.7864	0.3245
-5.6917	8.1157	-0.6341
9.277	2.6194	0.014
-9.738	3.2091	-0.0261
-2.7801	9.8745	0.2108
5.4492	7.6812	0.4381
-8.6721	4.804	-0.406
-8.8396	4.1744	0.3295
-9.4553	3.3437	-0.0235
-6.0831	7.3396	-0.859
-8.8289	4.449	-0.1454
9.5645	2.0148	-0.7806
7.9038	5.3088	0.2309
8.8183	4.7951	0.2616
1.1631	9.9534	-0.1616
5.8945	7.5204	-0.0053
2.1109	9.7005	-0.2241
-5.4818	8.7622	-0.1065
-8.2284	5.6924	-0.0113
-7.2267	5.7485	0.2022
-8.943	4.3363	-0.9252
1.8091	10.2165	0.8735
8.2079	5.5372	-0.2342
8.7506	5.2453	0.2859
-6.186	8.8142	-0.3359
-3.6467	10.0884	0.646
-3.6268	9.4833	0.6079
9.6213	0.7544	0.0037
-4.4559	8.9206	0.2791
-9.2725	0.58	0.1164
-9.4421	2.8365	-0.4873
-7.8112	5.4411	-0.5442
5.518	9.1691	-0.5116
8.4207	5.4504	-0.5461
-5.6655	8.1531	-0.0598
10.1683	0.9101	0.1477
1.225	9.9281	-0.0138
1.7082	9.3999	0.1767
9.0613	4.7272	0.9448
-6.1849	8.2967	-0.3424
9.2442	3.3488	0.9468
-8.8888	3.7906	-0.4779
9.7135	3.5226	-0.435
7.5075	6.677	-0.2345
10.8938	1.1052	-0.1561
-2.1642	10.3254	-0.018
-8.9325	3.9574	0.7072
4.8215	8.9371	-0.6003
-0.0113	10.6635	-0.0296
7.3518	6.6579	0.148
-2.1254	9.7082	0.0978
1.0362	10.2231	0.7675
8.4273	5.3045	0.883
-5.5665	8.3427	-0.166
-0.6315	10.1605	0.2023
-10.5694	0.5385	-0.724
-3.6387	9.3299	0.024
-6.404	7.7256	0.0508
-6.5019	8.3597	0.502
8.5697	5.7969	-0.1502
4.8614	7.9856	0.1246
5.8816	7.6156	-0.3008
7.7641	6.4176	-0.0241
3.0385	9.4286	-0.3275
1.9175	10.6496	-0.0274
3.6855	9.0563	0.3064
-3.9784	9.8563	0.4866
-8.421	5.0738	0.0543
-2.3553	10.0909	-0.7235
-7.5362	6.8159	-0.3471
9.1228	4.549	0.1163
9.4093	4.8148	-0.2207
-6.8098	7.4836	-0.4641
-8.8243	3.8726	-0.2658
2.7353	9.1845	0.8709
-7.8721	6.2368	0.0947
10.0341	0.0503	-0.0008
7.0739	6.1133	-0.1831
9.8975	3.2779	0.8196
9.109	2.7902	-0.3342
1.2564	9.8778	-0.0266
-1.124	9.2436	-0.5692
-3.3927	9.3059	-0.1044
7.0222	6.9668	0.0233
9.9638	0.1155	0.0982
-5.418	8.6406	0.3177
-1.0591	10.2458	-0.1986
8.4265	5.3368	0.2008
7.4167	6.6687	-0.313
-1.088	9.8126	-0.2024
-3.4692	8.6287	0.2903
9.8758	3.8443	0.5878
-10.2707	1.3466	-0.5616
4.2948	9.5811	-0.0953
-10.2828	1.0957	-0.319
-9.1954	1.1222	0.4835
6.3661	7.6714	-0.0465
9.9784	1.7995	0.8739
-9.8765	3.1851	0.3535
-8.7595	4.6262	0.1575
3.0586	9.3262	0.5169
-10.0689	0.2135	0.0608
5.6293	7.9967	0.5432
6.759	7.7324	0.4406
-1.1577	9.4264	0.6773
-4.9399	8.2784	-0.0121
-9.106	4.6952	0.8187
6.3118	8.3281	-0.2442
9.2154	3.5833	0.1449
-3.0394	8.9607	0.5286
8.5839	4.5888	-0.4376
9.1033	4.9839	-0.8385
10.5239	2.3494	-0.1983
-3.7698	9.6509	-0.5364
-2.6992	9.2837	0.9378
-6.8267	6.7636	0.6206
-0.0853	9.372	0.1986
1.1271	10.4592	0.1679
-7.7634	5.9109	-0.1205
-2.7612	9.6579	0.8419
-6.0234	7.6366	0.0628
8.0111	6.4026	-0.0802
9.1717	4.0278	0.2427
10.1751	2.2821	0.1261
6.9419	7.4073	0.052
-8.7035	4.6251	0.3879
8.3104	6.6462	0.044
10.0205	3.4306	-0.8013
-7.7392	6.324	-0.0026
-7.2198	6.971	0.8975
4.4802	8.9833	-0.6719
-8.7019	4.622	0.6742
5.6683	8.2353	0.0045
6.8611	7.6874	-0.1001
-7.7629	7.1861	0.0372
-10.3807	2.9617	0.4198
3.3238	8.9668	0.153
-4.7891	9.8234	-0.3661
-10.4598	3.1263	-0.1749
9.8971	0.0179	-0.1475
-2.1269	9.5585	-0.2072
-8.7551	3.926	0.4668
3.7752	9.0782	-0.4334
-5.945	8.029	0.0346
10.0611	0.4011	0.1697
2.1498	9.6641	-0.4369
-2.318	9.3943	0.3201
-9.4594	2.8704	0.4555
-4.6794	8.8129	0.264
-2.6617	10.3271	0.2695
-7.2854	6.998	0.3001
10.2333	0.111	0.2148
-0.1843	9.9929	-0.4388
9.6385	1.6089	0.6091
10.3268	2.1239	-0.2733
-7.8045	5.1114	-0.2131
-8.6156	4.3512	0.1497
-7.2774	5.5785	-0.2805
6.4804	7.6336	0.1137
6.6806	6.2915	-0.5627
8.2401	5.3712	-0.2577
-6.5713	8.0329	0.1575
4.0891	9.5455	-0.1942
10.4796	2.054	0.4994
-4.7773	9.0304	-0.2753
-6.6151	8.3389	-0.6195
0.6081	9.5647	0.3387
9.2344	3.943	-0.2581
10.0312	1.0866	0.1136
-9.0154	5.3471	0.4237
8.915	4.3108	-0.0438
7.7423	4.9346	0.5296
-3.0511	9.7534	0.4573
-5.6503	7.814	-0.6024
5.7695	7.9111	-0.0401
0.0167	10.9243	-0.3008
-6.6831	7.6584	-0.9745
-4.3779	8.4901	-0.4857
0.3592	9.8372	-0.6764
7.2796	6.7239	0.0607
-1.3336	9.9898	-0.3988
3.2761	8.928	-0.5045
4.0895	9.7086	0.2289
6.6584	7.6824	-0.33
0.6222	9.7672	-0.7408
9.646	2.6349	0.0053
-6.1368	7.2495	0.1701
-0.6	10.136	0.8828
-7.0949	6.0527	-0.5776
10.5799	2.13	0.1086
-6.9844	7.2272	0.1077
-10.4411	2.0462	-0.0379
4.3279	9.6752	0.2936
-5.0443	9.2362	-0.0916
0.193	9.7707	0.1717
-2.2318	9.5803	0.357
8.9254	1.7528	0.4113
-7.3679	8.0249	0.2589
9.958	2.8733	0.0078
9.2914	2.6815	-0.365
-8.0236	4.8851	-0.1991
10.2053	0.2613	0.2586
10.4239	1.7559	-0.3625
6.8251	6.3808	0.1178
-4.0563	9.1839	-0.1292
-9.0028	4.7896	-0.1944
-4.4314	8.286	-0.405
8.1035	6.4177	0.7566
-8.544	5.0851	-0.0543
5.4699	9.0235	0.5624
0.8062	10.1319	0.9304
1.579	9.6927	0.8999
-3.1588	9.4737	-0.0037
-7.7208	6.4192	0.0403
-0.2709	10.2725	0.8026
-6.362	8.4716	0.6034
3.4531	8.6977	0.2497
6.968	6.9887	0.6139
-7.24	7.5279	0.7259
-10.1115	2.703	-0.1635
2.686	9.5122	0.5186
6.5156	8.0588	0.5562
-6.2243	7.5228	0.2618
6.8355	7.6384	-0.3517
9.9525	0.6699	0.9396
5.693	8.0845	-0.8901
-8.6318	5.2813	-0.3716
-5.2092	9.0092	-0.2494
8.4768	4.7891	0.679
7.31	6.9667	-0.1491
0.5457	10.053	0.2657
-3.3911	9.3393	0.5888
1.7758	9.9364	0.2433
-3.9464	9.17	0.0967
2.7567	9.9774	0.7689
-4.5585	8.8192	0.6926
1.6731	9.8774	-0.0133
10.2339	0.3436	0.0269
-0.0209	9.6424	0.2995
-2.4155	9.5012	-0.9549
-7.5452	6.2789	-0.2437
7.9148	6.1579	0.1728
-5.8632	7.4445	0.4127
4.0501	8.5863	-0.5408
-9.6457	0.9387	-0.5324
-8.4589	5.0265	0.0444
2.8962	9.0201	-0.369
-0.9703	9.0901	0.1116
1.9346	10.4563	0.0631
1.9449	9.353	0.4394
9.5533	3.2248	0.1207
-10.0957	1.442	0.3658
0.9463	10.1717	0.1437
-5.2287	8.2776	-0.0411
-7.624	7.1058	-0.6191
3.4668	9.0262	0.3149
-6.41	8.058	-0.1312
-4.4223	9.6451	-0.2966
-4.0092	9.5603	0.0229
-8.2392	5.1355	-0.1414
-1.6696	9.8072	0.0117
7.8707	5.6856	-0.3651
0.1472	10.0078	0.0204
-4.8552	7.7772	0.5095
-5.4729	8.3392	0.0915
9.5362	0.0988	-0.0482
3.0376	9.0974	-0.0087
9.8668	2.662	0.8194
-6.4739	8.5715	0.4017
0.8207	9.5101	-0.1329
-1.7476	9.973	0.0571
0.537	10.5886	0.6458
0.6708	9.9385	-0.3357
-0.2785	9.514	0.3243
9.7545	0.0692	0.5935
2.5884	9.8523	-0.6011
10.6257	1.2416	-0.1201
8.8351	3.7511	0.0593
5.8376	8.0171	-0.1432
-1.6567	10.0335	0.0926
-8.5666	3.7056	-0.0949
8.6461	5.621	-0.392
-8.9155	4.5442	0.0443
-4.9377	9.157	-0.4
9.3477	1.791	0.1522
8.9298	2.8204	0.2208
9.6939	2.1487	-0.0641
-8.4055	5.1264	0.0128
5.2916	8.7485	-0.4028
7.1439	7.9185	0.617
-9.0362	4.4411	-0.4354
0.5992	10.322	-0.3206
-8.9055	5.0017	0.446
-9.4673	3.9882	-0.8532
9.6656	2.4633	0.0019
-6.669	7.0261	-0.5295
2.4113	10.4739	0.2673
6.1557	7.6575	0.4662
9.488	0.798	0.6081
-3.6858	10.0667	0.1436
-8.7149	4.8089	-0.1292
-9.6366	2.9613	-0.1155
-7.6046	5.8353	0.311
-7.6244	6.3389	-0.0289
9.2616	1.9775	0.5315
8.4481	5.6978	0.3261
5.5976	8.3357	0.0172
2.641	9.8415	0.2925
0.4438	11.0336	9.1233
-0.511	5.5259	0.1881
-0.2821	8.6702	-7.99
0.536	9.0441	-8.5822
-0.2476	14.6197	-9.0501
-0.0719	6.2125	2.6328
-0.9164	8.3151	7.4674
-0.2141	6.5289	-5.1342
-0.5344	4.7203	-2.461
0.0189	14.9225	10.5846
-0.4718	4.9318	-1.5158
0.1247	5.7644	3.9737
-0.5946	10.6578	-8.4949
-0.5795	6.0976	5.2027
0.073	5.921	-3.9609
-0.2817	11.6062	9.5925
0.0642	14.3299	9.8625
-0.1997	11.0493	10.1276
-0.1965	6.6215	6.1155
-0.0719	5.3813	3.3239
-0.6539	12.3808	-9.5315
0.6136	5.7716	-2.8138
0.0664	4.3737	1.7557
0.0323	12.1548	9.6476
0.6326	13.3561	-10.5265
0.2909	9.2546	9.235
-0.2666	13.0044	-9.9998
0.2032	9.5725	-7.5395
0.308	12.0185	8.9416
-0.1555	11.5366	-9.5195
0.4968	6.8742	4.6449
0.142	10.4915	-9.9822
-0.224	8.4154	-8.5393
0.6691	7.0086	5.0181
-0.5852	13.7554	10.1189
-0.0369	10.2023	8.794
-0.419	5.8379	-1.9874
-0.1343	7.1174	5.5577
-0.0297	9.7391	8.5193
-0.0182	5.0621	-0.4686
-0.0101	13.5002	9.8739
0.0959	7.2485	6.1184
-0.0837	5.2629	-2.989
0.7353	4.8333	1.7476
0.4322	7.0856	-5.9165
-0.4614	11.1487	8.5373
0.3315	8.313	-7.4217
-0.0089	4.4264	2.1929
0.2667	6.4669	3.5651
-0.1127	5.208	-1.8938
0.2405	7.9807	-6.8754
-0.0237	6.0113	0.4786
-0.1592	13.5234	-9.4969
-0.4685	9.0087	7.7883
0.1159	13.6326	9.9171
0.4941	6.8368	-4.9896
-0.0009	6.2966	-6.2611
-0.0976	6.4	5.3121
0.9154	5.6726	-4.3695
0.1317	9.0599	-7.584
-0.0967	5.8409	2.5598
-0.2486	9.0316	-8.1051
0.1868	8.6863	8.2699
0.6368	5.5841	-0.0728
-0.418	5.9847	3.5024
-0.4058	5.7963	1.3071
0.4521	8.199	7.0024
-0.2045	9.3706	8.9752
0.4252	6.8618	-5.1544
-0.0634	13.3673	9.6298
0.078	5.6649	3.5584
0.4228	13.5023	9.8745
0.0094	7.433	-5.5033
0.1403	10.8371	8.911
-0.138	5.4665	-4.7463
-0.5211	12.4904	-9.6336
0.1898	14.0548	9.4408
-0.8766	9.023	7.7707
-0.1133	8.9787	8.1514
0.1193	9.9043	-8.1331
0.229	5.8746	3.6758
0.463	6.5657	4.4245
-0.0003	8.2559	-7.0152
-0.0561	6.1719	4.5423
-0.1931	9.8584	-8.9031
0.4559	7.5685	-6.243
-0.2086	8.7454	8.8307
-0.1227	8.0649	-7.0168
-0.6881	8.5463	7.6056
0.2795	8.2709	7.8759
0.0827	5.2763	1.3695
-0.0099	14.2125	-9.9502
-0.4946	7.3165	-5.4816
0.0619	11.1933	9.246
-0.425	4.9011	0.581
-0.9689	7.7009	-6.7578
-0.0108	6.0352	-2.6409
0.001	6.0046	4.0909
0.5049	14.2371	10.463
0.1194	5.3832	-3.1728
-0.1735	8.3195	-6.4924
0.5569	4.8241	1.8936
-0.2369	4.4992	0.8687
0.983	6.2384	-4.7044
0.1205	7.4996	7.1003
-0.024	12.8427	-9.4493
-0.6671	5.9845	-3.8548
-0.0027	7.7218	-6.8517
-0.0624	11.5835	9.5154
-0.3591	9.6035	-8.6984
0.0607	10.7541	9.3654
0.1365	8.2151	7.0263
0.398	13.8143	-9.8075
-0.0755	7.0297	6.6267
0.2029	14.0251	9.9967
-0.3982	14.3419	-9.8021
0.2905	7.1535	-5.7026
-0.0347	6.5776	-5.9593
0.7582	9.8544	8.9551
-0.2396	5.8711	0.8119
0.8204	9.3384	8.245
0.344	13.3543	-9.6719
0.0617	9.2635	8.5972
-0.5913	5.8466	4.0408
0.8834	10.0171	-8.7708
0.293	5.5579	2.7165
-0.105	11.5202	-9.4583
-0.0421	10.4289	-8.9208
-0.0029	7.8027	-6.943
-0.258	9.4728	7.4975
-0.5796	6.651	-3.9495
-0.7402	5.2747	-0.8843
0.1931	14.0276	9.3717
0.8852	14.7676	10.4361
0.214	12.7182	-9.771
-0.4838	10.8575	9.7311
0.0159	7.374	6.4877
-0.5931	11.1442	9.0206
0.1038	8.743	7.3147
-0.0233	14.1474	9.3475
0.1713	6.5728	6.6611
0.324	12.6623	10.5505
0.3526	5.5716	-3.8948
-0.3182	8.3217	-7.9251
0.4284	12.9848	9.0252
-0.3239	5.1389	-3.7452
0.4341	5.0574	-3.9931
0.3207	9.4354	8.3533
0.2665	11.1559	-10.0601
-0.5082	14.8869	-10.5824
-0.5883	8.1273	-7.9343
0.0688	6.6096	-6.331
0.0672	11.3096	-8.753
0.027	10.1977	8.7839
-0.5793	5.8213	0.5833
0.0845	8.4099	7.2192
0.0015	6.9483	6.3145
-0.637	10.2788	8.6055
0.8335	9.9461	8.2201
0.8764	12.7454	-9.8996
-0.218	8.2691	7.9162
-0.0859	9.5088	8.3887
0.2292	4.7248	-1.3897
-0.446	11.3696	8.8467
-0.6629	8.0354	-6.8875
-0.4589	5.8318	4.9499
-0.3434	5.6194	3.1214
-0.8931	6.6648	4.7439
-0.38	7.4474	-5.9715
-0.0229	4.9673	-0.1656
-0.0596	5.5788	3.8241
-0.5814	10.5081	-8.0209
-0.847	12.4509	10.1095
-0.0118	6.4746	-5.2612
-0.2705	8.7714	7.9862
-0.3096	5.5211	-3.4442
-0.1926	6.4237	3.6141
0.3117	8.9868	7.1945
-0.4651	8.2305	-7.9483
-0.2105	5.2088	0.0382
-0.435	10.1733	8.6185
0.9099	5.0455	-1.566
0.1244	13.0414	-10.1327
0.1102	13.6947	9.4044
-0.5857	8.1526	-8.2988
-0.0661	5.6977	-3.7199
-0.69	11.614	-8.7163
-0.0236	5.0029	-0.1764
-0.0014	5.02	-0.642
-0.642	8.991	-8.1315
0.0492	10.7218	9.2766
0.0057	6.0227	-4.2729
-0.3162	4.8572	1.6818
0.09	5.053	0.5015
0.3827	11.5584	-8.582
-0.0096	8.7387	-7.8921
0.1683	6.0764	3.7555
-0.0275	5.1514	-4.2063
-0.6208	9.0886	8.3152
-0.4299	4.7535	3.3765
-0.1759	9.7222	7.6196
0.3625	5.0283	-1.6334
0.1338	7.6028	6.9166
-0.2109	12.6716	-9.9627
-0.2032	7.8402	-7.7494
0.208	10.8944	9.1534
0.651	13.8576	-9.6272
0.422	12.1999	9.6766
-0.2794	5.2598	-0.6499
-0.7021	6.9609	-6.7928
-0.4834	6.6641	6.3863
-0.0465	5.2906	-2.1861
0.1969	14.2217	9.7691
0.4914	6.9888	6.3774
-0.0736	6.571	-4.3853
0.266	14.7924	10.4256
0.0909	6.5505	5.347
0.4388	4.9817	3.5437
-0.3262	7.088	-6.3512
-0.0494	6.9622	5.8732
-0.8994	5.1142	-1.8067
-0.099	13.0339	9.8928
-0.3288	6.9623	6.6762
0.0858	5.4936	1.6975
0.0879	13.5547	10.6363
-0.2579	7.2686	-5.5761
0.5959	9.2468	7.2478
-0.1334	7.7066	-6.9054
0.383	5.5289	2.6556
0.02	11.5675	-9.3759
0.0653	13.3272	9.8595
0.1491	10.6292	-8.8217
-0.819	13.4838	-9.7089
-0.6748	10.8782	-9.1944
-0.4128	7.2663	-6.3075
0.1774	14.5908	-9.1542
-0.2913	5.877	2.4648
0.0471	5.5173	2.594
-0.2679	10.5879	-9.0153
0.1564	4.8135	0.8733
-0.6523	12.2345	9.4798
-0.0271	7.418	6.2168
-0.1111	5.1235	-1.1507
-0.0702	8.0227	5.8763
-0.0952	6.4324	-5.162
-0.7559	9.0019	8.0253
-0.0885	5.4409	-4.0526
-0.0038	12.1592	9.5842
0.0284	5.485	-3.2523
0.6813	4.8029	0.2383
0.0574	5.0573	-1.3525
-0.3457	7.2893	-6.5427
-0.7236	5.5597	-2.2585
0.7684	6.0014	3.5555
-0.7163	14.5377	-9.8813
-0.752	9.7558	-9.1927
-0.7721	5.443	4.233
-0.1183	6.7878	-5.5189
-0.2808	5.4263	-3.771
-0.5287	9.2635	7.9315
-0.0781	9.5609	-8.8817
0.1929	4.4428	2.7951
0.0294	6.3073	4.6635
-0.6113	13.8195	9.7777
0.0079	7.917	-5.9238
-0.0988	6.5774	-5.3749
0.0854	5.9109	4.1341
0.5008	6.6343	-5.0367
0.2271	7.9135	-6.9861
0.2975	7.5084	7.8726
-0.0174	14.8321	-10.0073
-0.1668	12.1061	9.5634
-0.0472	13.9436	-10.0839
0.0286	10.5072	-8.8601
0.0774	12.1765	-9.1709
-0.3915	14.7083	9.7715
-0.1959	14.0828	9.3063
-0.0985	6.1157	2.178
-0.2317	12.3675	-9.8131
0.0327	13.1952	-9.8192
-0.2147	11.0217	8.2368
0.4625	11.3588	9.6483
-0.3998	12.6927	10.1414
-0.2131	8.0031	6.5474
0.3536	6.5105	4.6276
-0.0771	4.6902	-0.4737
0.6682	13.018	-10.4646
0.6322	11.9108	-9.2166
0.6027	11.1552	9.2252
-0.1952	5.796	3.7251
-0.458	5.3707	-2.8161
0.0133	5.367	2.8644
0.6782	6.4453	4.9921
0.583	6.875	5.4053
0.135	5.1346	1.0856
-0.0734	7.3428	7.3497
-0.023	9.2969	8.2991
0.52	14.8728	-9.7452
-0.0714	5.172	1.9268
0.1955	6.2073	2.4316
0.7065	11.4127	-9.2737
0.1643	7.7376	-7.259
-0.6079	10.9917	-9.6554
-0.7321	6.0916	-4.0126
0.0601	5.6234	-5.4406
-0.2553	10.0774	8.8448
-0.4928	5.0495	-2.4859
0.0544	9.6809	8.1381
-0.7687	14.45	-9.836
0.5933	7.3279	5.7003
0.408	13.9005	-9.7649
0.3282	5.8084	4.0688
-0.3188	5.2657	-1.3122
0.8787	8.367	7.9381
-0.6713	14.6942	10.6317
0.2866	6.9656	5.8305
-0.4538	14.7366	-9.3837
0.2993	8.6566	7.9637
-0.6057	5.2191	-3.644
-0.7195	4.4216	-0.7952
-0.7106	7.1722	-6.3552
0.267	5.4679	-3.6367
-0.1438	5.5508	-1.6071
0.6792	5.699	0.4706
0.2341	5.1603	-1.0625
-0.7657	6.5263	5.447
-0.1396	10.6244	-8.9145
0.658	4.7563	-2.1568
0.0699	5.4577	-3.2961
-0.2212	13.86	9.8067
-0.1579	8.2259	7.1203
0.1373	5.3218	-3.9076
0.0355	5.4341	-3.1585
-0.0293	9.5982	-7.8943
-0.6279	14.7143	-9.3175
0.2419	6.0543	3.4417
0.7332	5.666	-4.6894
-0.1518	8.6518	-7.9133
0.1896	9.2816	7.7587
0.0329	11.6541	-9.3131
0.409	4.203	-1.1013
0.1665	13.0062	10.2932
-0.6416	5.2013	-2.2904
0.1611	5.1065	1.1952
0.2289	7.0059	-5.7316
0.0271	13.0153	9.9614
-0.419	6.3823	3.2072
-0.0298	6.0713	4.4359
0.849	4.8746	2.2832
-0.1407	5.8855	2.7389
-0.0499	8.6681	-7.6789
0.415	4.8013	3.674
-0.5922	11.3939	9.5255
-0.0346	6.4842	-5.7066
-0.3833	6.0663	1.7483
-0.0848	5.6745	1.7571
0.7182	8.7648	-7.7367
-0.0201	7.42	6.5722
-0.1272	9.6456	7.4093
-0.4009	11.0878	-10.1503
0.0457	5.1597	-3.4163
-0.7006	8.8279	-8.1865
-0.3302	6.2897	-3.3613
-0.5153	5.0058	-0.5182
0.132	9.5374	8.4411
-0.0072	7.9675	-7.8175
-0.4616	13.4044	9.659
-0.8276	4.6786	1.4804
-0.0191	10.3591	8.8041
-0.1829	6.7708	-4.4055
0.3113	7.6993	-5.9838
-0.6436	7.0783	6.5055
0.1782	5.4354	2.7528
-0.0301	6.8175	-7.2717
-0.0389	5.8182	2.8133
0.169	10.2561	9.0836
0.3115	14.9339	9.8206
-0.2527	6.9697	-6.399
0.8256	5.338	-3.8047
-0.0445	6.3345	-3.6092
0.3898	5.4729	-3.2042
0.1096	9.5442	8.5667
-0.6888	5.1264	2.9068
0.1096	5.3053	-3.5436
0.2526	10.5812	8.3229
0.9836	6.1064	4.372
0.198	8.0315	-7.1773
-0.1138	5.2415	1.9254
-0.6363	7.2365	-5.2752
0.3325	10.5475	-8.3677
-0.558	9.2989	-7.3115
0.0117	7.3973	-6.4931
-0.0009	13.5554	9.1925
0.3559	14.1503	9.5114
-0.4998	5.3851	1.3097
0.7487	4.9545	-1.1402
0.6398	7.7638	-5.7804
0.4178	5.3674	2.903
0.0622	6.0892	-4.1014
0.1072	4.7414	1.0115
-0.824	4.8212	2.521
-0.8216	12.7007	10.0623
0.3088	10.9606	9.7723
-0.204	8.1655	-7.1524
-0.3739	4.5969	-2.0095
0.1884	6.8229	-3.8166
0.0756	14.966	9.9603
-0.4591	8.0192	-7.689
-0.8947	11.1456	-8.7855
0.2129	5.6464	2.99
0.3262	8.3576	7.6795
0.5421	14.3632	10.6996
0.0527	10.1737	-9.0332
-0.0628	5.3165	-2.5959
-0.1696	6.0658	4.4264
-0.4167	13.1532	-9.7187
0.558	10.088	8.5698
0.6363	4.4525	-1.7645
0.0766	5.9133	-4.0516
-0.0628	14.1179	-9.8544
-0.0032	8.0164	8.0697
0.1062	12.5554	-9.4079
-0.3772	4.1783	0.0649
-0.5136	5.8128	-1.623
-0.027	8.6074	8.4932
-0.0179	6.6419	5.1068
-0.0923	14.6601	-9.8063
-0.3449	9.1788	7.7111
0.0499	6.1271	4.9879
-0.3663	14.3811	-9.8544
-0.1662	6.2057	-3.1781
0.0308	9.4493	8.3415
0.0968	4.9942	1.8957
0.4093	8.2104	6.8777
-0.0026	14.04	9.4783
0.6575	6.067	-3.6056
-0.5038	12.4545	-9.5443
0.0067	5.4357	3.6005
0.0341	13.7224	10.5678
-0.0383	5.0274	0.758
-0.0268	10.9216	-9.206
-0.9227	10.6823	8.7417
0.0098	13.4086	9.879
-0.3238	8.2278	7.4114
0.3337	13.8273	9.6772
0.772	7.0226	-5.6166
0.6483	11.7906	-9.6114
0.0489	7.254	-6.2482
-0.4331	5.18	1.5945
-0.4847	7.4346	6.4209
0.021	5.5598	3.2686
0.9727	5.2059	2.4683
0.5654	10.8243	8.5535
-0.0607	6.8678	6.0324
0.1308	8.5117	-8.8217
0.8064	6.6878	-4.9632
0.1964	4.3405	-1.0738
0.3424	13.2158	9.9764
-0.071	4.8643	-0.6775
-0.2661	9.3147	8.4279
0.1451	4.6133	1.3292
0.0439	10.447	8.8833
-0.1444	7.0172	5.6099
-0.5057	5.7139	3.4891
-0.7438	6.3222	6.1278
-0.0615	13.3516	-10.055
-0.5318	5.8873	-1.4773
-0.0047	7.8242	6.9545
0.3632	7.5932	-6.3483
-0.0059	12.5828	-9.0023
0.6268	5.569	-0.6333
-0.232	5.7623	-4.1102
-0.3492	5.7973	-3.9673
-0.1216	5.0239	1.1077
0.3338	5.0341	-2.1512
-0.0573	5.3652	-0.8809
0.1432	14.8906	9.7604
0.3384	11.4499	-9.3537
0.0849	8.4163	7.1275
0.1188	5.4245	-2.1761
0.4244	5.053	-2.5657
0.0402	13.802	-10.022
-0.011	8.6489	-6.4131
0.9885	6.3095	4.8916
-0.0839	14.5943	-9.9018
-0.0948	5.2506	3.3078
-0.0776	8.2617	-7.435
-0.1545	5.4695	-0.7636
-0.003	6.4752	-5.0755
0.8219	6.7652	-5.467
0.756	10.2751	9.1418
0.2183	11.9284	9.5186
0.0723	13.2394	-9.9059
0.6573	6.4674	5.1007
-0.8514	7.7029	-6.339
-0.5962	5.3447	-3.0944
-0.0936	6.6072	-4.5621
-0.0667	12.2388	10.2446
0.0015	5.4655	0.8433
0.6498	5.6532	-1.3391
0.5735	8.8293	-7.2695
-0.887	5.576	1.5646
-0.4011	6.3531	5.8423
-0.1825	14.5305	-10.6581
0.7813	6.7105	5.7107
0.7047	7.0527	5.4987
-0.1729	12.3337	-9.7665
0.2857	11.2771	-9.5721
0.0259	8.9242	-7.8515
-0.2567	6.6896	6.823
0.46	5.0291	3.7595
0.442	13.0181	10.2075
-0.086	7.3277	6.3065
-0.5568	14.5512	-9.1761
0.0582	4.8065	0.1414
0.4846	5.2621	1.1007
0.1253	9.5121	7.839
0.3607	7.2517	6.4255
-0.3705	14.8227	10.253
0.0234	6.5293	-4.8401
-0.2475	10.9485	8.7036
-0.0166	7.85	7.0358
0.1745	14.6788	-10.5605
0.0408	6.8294	6.8908
0.0192	6.8154	-6.3336
0.2522	11.0871	9.1304
0.5584	13.9564	-9.4349
0.9662	5.8988	4.4412
0.6435	12.7219	9.1202
0.5123	4.5591	-0.6115
-0.6605	7.3974	-7.5719
0.4441	7.0239	-6.7451
0.0666	9.2498	8.2325
-0.0485	12.3395	-9.59
0.1911	5.3677	-0.3795
-0.3669	7.0105	-5.3029
0.009	8.769	-7.2301
0.0492	5.2334	3.4199
-0.3847	11.9607	-9.9051
-0.1875	13.243	10.7978
-0.01	7.5081	-6.6694
-0.1715	5.0729	-0.2809
-0.7908	8.5681	7.2152
0.4212	9.0111	7.9418
-0.0421	8.4916	-7.6095
0.7418	14.8167	-10.5792
-0.1777	4.7957	-0.1713
0.8151	8.8293	7.3953
0.1318	12.1062	9.6965
0.1857	10.0173	-8.5156
-0.5968	13.2148	10.2523
-0.5786	13.8726	9.3532
-0.4081	14.7756	9.5708
0.0434	6.6243	6.2698
0.7054	14.9022	9.9166
-0.3919	4.1618	0.3883
-0.6684	10.6342	8.2993
-0.0093	12.8562	-9.9682
-0.0052	11.2184	-8.9873
0.4719	12.0685	9.6072
-0.0921	10.1191	-9.1747
0.3283	9.7336	-8.4746
0.0797	5.4829	3.2756
0.3785	6.5892	-5.2784
-0.6436	14.7821	-9.9889
-0.3507	7.161	6.3674
-0.0352	9.5507	-8.4683
-0.3898	12.59	-10.3148
-0.2397	10.8341	9.7986
-0.7368	4.9615	0.5378
-0.1555	4.6046	3.5346
-0.4279	13.9907	10.8352
0.2278	10.7056	-8.694
-0.3568	5.3499	-1.6737
-0.1606	5.724	-1.3076
0.0524	10.1335	8.0387
-0.5564	10.719	-8.8354
-0.1188	13.7112	-9.771
-0.1408	6.8127	-5.3291
0.6731	6.4095	5.0113
-0.9686	12.9686	-9.9184
-0.0819	5.9542	-4.1872
-0.0204	6.6307	-5.0825
-0.0575	8.3349	-7.676
0.3544	6.3492	-3.0282
0.9231	5.321	-0.2486
-0.1502	7.5588	-6.1644
-0.3685	10.0682	-8.0745
-0.1235	9.9813	-9.529
0.6194	11.8548	-10.0511
0.1079	7.3194	-7.3862
-0.0596	5.9671	4.7959
-0.4925	5.6952	-2.9751
-0.6633	6.3608	-6.3107
-0.7363	6.362	5.1923
0.6163	11.5424	8.9087
-0.5615	14.7311	-9.5698
0.7181	10.5924	-9.2235
0.0102	9.0828	-7.2685
-0.088	10.79	-8.9883
-0.5255	6.4703	-5.4335
0.0322	5.9884	3.9008
-0.1224	13.6184	9.8443
0.7999	13.7866	10.2803
-0.2032	12.9099	-9.5988
0.4496	7.4905	6.807
-0.2851	12.2114	10.3647
0.1309	8.7917	-8.3921
0.7496	9.3588	8.6287
-0.2372	5.219	1.8059
-0.1896	5.1631	2.7552
0.1932	12.2048	-8.8169
0.4833	8.8474	7.6899
-0.2901	10.9183	9.6724
-0.0949	5.5298	-2.9515
-0.2106	4.877	-1.2876
-0.3242	8.4631	-8.6065
0.4306	14.9847	10.6203
-0.188	10.486	-9.3862
0.1113	7.3763	6.3484
0.1638	13.1596	9.6338
0.2914	9.3596	-7.9933
0.005	11.1387	9.2521
0.3392	14.2725	10.5282
-0.0004	5.0593	1.0084
-0.0578	14.0449	9.818
-0.6931	12.4097	10.039
-0.6747	8.4813	-8.0479
0.7081	6.003	2.6636
0.0873	8.2789	7.9875
0.1873	5.896	3.0005
-0.1175	11.6717	9.6071
0.0078	13.3693	10.0227
-0.4301	14.111	9.1112
0.006	12.7958	9.7277
-0.0467	6.3353	5.5283
-0.3159	13.3441	10.116
-0.0656	5.2036	1.9903
0.3658	9.7272	-7.7436
-0.31	5.5157	-1.6506
-0.1938	6.6862	5.5386
-0.0375	6.1387	5.7719
-0.2757	9.0766	8.833
0.2999	13.5252	10.0654
0.3801	7.9936	7.7484
0.4391	5.7641	3.4557
-0.208	5.9782	-3.9724
0.4032	6.664	-5.5478
0.6174	7.395	-6.9473
-0.47	5.2757	4.7491
0.5053	5.6025	1.3586
0.4366	14.7956	9.6329
0.0221	6.2807	-4.6614
0.4245	11.0147	-8.2383
0.0632	5.1514	-3.9283
-0.1295	7.1061	5.6181
0.2464	12.5313	-9.6926
-0.0662	5.6447	-3.21
-0.2144	9.7239	8.5586
-0.3606	4.2306	-1.3821
0.7879	7.6456	5.8739
-0.4642	5.7678	3.5962
0.0704	14.8697	-10.624
0.0585	5.7337	0.167
0.5696	4.4975	0.3753
-0.046	5.413	-4.1737
0.384	10.842	9.0784
-0.7728	7.5569	-6.9488
-0.2353	7.3353	6.4779
0.7426	7.1255	-6.5471
-0.5889	5.6148	-1.4284
0.5975	6.1045	3.4114
0.0075	13.6674	-8.951
0.7577	8.5655	-8.1398
0.4303	4.4012	-1.793
-0.2106	5.1968	-2.6609
0.216	5.1901	1.0624
-0.2653	6.3447	6.5581
0.1536	10.0414	-9.1195
0.1495	8.9481	-7.1461
0.996	13.386	9.8468
-0.4904	10.2241	-8.0796
-0.1863	6.1699	4.7859
-0.1862	5.0105	2.0361
0.3755	11.9661	-9.8749
0.0511	8.8603	-7.1064
-0.1273	6.311	3.6766
0.0632	5.6239	-4.2714
0.1731	6.6393	5.2907
0.3703	10.3732	-9.4092
-0.2584	12.6176	10.3072
0.7767	7.2253	-5.8485
-0.0048	12.8963	-9.7672
-0.035	5.4844	2.8015
-0.0413	4.8686	-1.0115
0.2682	4.9321	0.0587
-0.9592	5.729	-3.8822
-0.3822	5.1585	-4.498
0.1216	8.9848	8.1811
0.1079	4.9244	-1.3958
0.3609	9.3156	-9.2292
-0.4059	9.6837	-8.1517
-0.1126	9.5322	8.2401
-0.4848	12.448	10.075
-0.1553	13.9195	-9.4526
-0.7534	8.2211	-7.7761
-0.1929	14.2405	-9.7076
0.4187	6.2139	5.5108
-0.3341	6.6621	4.2259
0.1662	4.8951	3.6159
0.7231	9.1322	7.2419
0.0111	8.6957	-7.976
0.471	12.9661	9.2542
0.1499	14.086	-9.4968
0.3521	10.5583	-8.4471
-0.0217	13.9512	9.9174
0.5404	4.5995	-0.121
0.4946	6.4109	4.3946
-0.0449	5.9259	-4.2918
0.0135	14.2345	-9.9595
0.2714	7.9503	-8.1365
0.1439	5.5857	-2.7409
-0.2705	5.4818	-1.175
-0.7351	7.1536	-7.2269
-0.0539	10.7533	9.3418
-0.205	11.6946	-10.1643
0.5384	10.8574	-8.6606
0.0189	7.9739	7.3591
0.1584	6.1779	-3.1951
-0.0603	8.0696	-7.6151
-0.4278	5.3158	1.5368
-0.5126	13.2529	9.8156
-0.4961	9.199	-8.1916
-0.3272	6.8386	4.2369
0.2088	14.0835	10.2996
-0.1107	5.7119	3.6026
-0.5156	14.3082	9.6805
0.8226	8.9681	-8.2995
-0.7275	5.8042	-3.2059
-0.654	5.4778	-2.0097
-0.0795	6.0236	4.2472
-0.5563	5.0472	3.7375
0.2669	5.7012	-1.7098
0.0363	5.1242	2.1533
0.0812	9.1373	-8.2086
0.712	13.0649	-9.5954
-0.082	5.6511	-2.37
0.9195	5.5664	2.6757
-0.0335	13.9795	-10.0244
0.0128	6.5789	5.2739
0.8791	12.4448	9.2322
-0.0977	13.8643	-10.092
-0.4713	10.5377	9.5857
0.4661	6.4211	3.7012
0.7501	12.4315	-9.0232
-0.0666	13.0523	-9.8575
-0.1562	7.7231	6.9392
-0.6068	6.8467	5.1334
-0.4652	5.776	-0.7645
-0.2776	14.7049	9.5667
0.7224	11.0212	8.916
0.4274	5.6091	3.7183
0.6454	5.7968	-2.3682
0.0883	10.0395	8.9879
-0.0498	10.7486	-9.0093
-0.0814	13.3288	-9.7737
-0.5792	7.0497	5.9287
-0.198	5.4078	2.3806
0.8762	6.1706	-5.6428
-0.3949	8.5075	-6.9465
-0.2015	9.453	-8.729
0.0289	9.9686	8.6351
-0.3768	10.5988	-9.174
0.6171	5.063	1.23
0.0214	13.5771	-10.5152
0.0571	14.8453	9.9919
0.4318	6.243	3.3267
0.0459	9.6306	8.0062
0.0422	11.3904	-9.0373
0.2985	4.9885	2.1214
0.0371	7.6763	-7.5568
-0.1725	8.2207	7.2452
0.0585	6.8885	-5.4686
-0.3515	6.4829	-6.0818
-0.1343	10.1887	8.2509
-0.24	11.7152	9.877
0.0003	9.0301	-7.2846
-0.5969	8.2116	-7.658
-0.4388	12.5815	9.6146
0.2044	7.4637	-6.7601
0.4984	6.0659	4.7569
0.2376	10.8501	8.9241
-0.1445	9.8156	-8.6663
0.3055	5.4623	-2.9472
0.7363	5.076	1.0393
-0.2639	12.329	-10.2363
0.022	14.8001	10.0145
-0.5791	12.9919	10.2483
0.7006	12.7136	9.858
-0.1887	5.0905	-3.9611
0.5222	5.5193	4.098
-0.1559	12.9522	-10.0754
0.0885	8.1835	6.8998
0.0571	6.1821	-4.0549
-0.4411	7.7461	5.9597
0.425	13.2065	-10.275
-0.34	7.9903	-7.4694
0.3868	7.5482	6.3705
-0.1964	5.8733	-3.7041
0.0582	6.6431	-5.6019
0.5189	6.61	-6.8349
-0.8835	13.7606	-9.6868
0.2036	5.6204	-0.759
-0.5541	4.6396	1.8533
-0.0013	5.6608	-2.7116
0.6361	10.3458	-9.25
0.0129	10.753	9.0199
0.5791	5.3002	3.3004
-0.1356	6.0075	-4.8934
0.9128	7.3739	-6.3686
0.253	10.5081	-8.7272
0.1599	10.7675	9.4418
0.4673	5.8897	-3.4977
0.46	11.6613	-9.5397
-0.4699	4.6655	0.6283
0.112	6.7137	6.2113
0.3747	4.229	0.7654
0.7226	5.8778	3.6734
-0.3423	13.0523	-9.351
-0.0431	6.2892	-4.9742
0.0384	11.1585	10.2601
0.8164	5.7238	-3.9761
-0.0203	5.5477	-2.841
0.009	5.8695	4.0881
-0.7049	5.4532	-2.5822
0.0634	12.9391	9.7527
-0.1502	9.7235	-9.3721
0.6521	4.5254	-0.1274
0.1148	5.9371	2.8628
-0.2591	10.5747	-8.1463
0.5707	13.8596	-9.2266
0.336	10.1756	-8.0694
0.5386	7.4626	6.9631
0.6644	4.9053	-1.0349
-0.8122	4.6046	0.8288
-0.6208	5.3285	1.3842
0.4706	5.3568	-1.1037
-0.3794	6.1923	2.4749
-0.3054	7.1966	5.2068
-0.0517	8.1384	6.0228
0.2575	7.8724	7.0404
0.0706	8.1681	-7.4137
0.1601	7.0024	-5.7983
0.3207	12.5064	10.314
0.4539	11.9293	-10.1467
0.0049	9.1262	6.918
-0.4654	10.2785	-9.7524
0.5037	5.1543	-0.8617
0.065	7.8768	7.9107
-0.4379	5.9022	-4.8335
0.3444	4.9289	3.229
-0.496	11.3778	-8.406
-0.4221	5.3161	-2.1942
-0.248	4.9264	0.4514
-0.0189	9.5215	-8.3646
0.2279	6.1708	4.5292
0.4699	13.4411	-9.3177
-0.5495	7.0221	-4.6661
-0.6197	4.9133	2.137
0.7532	13.343	10.0937
0.1593	7.4644	-5.2808
-0.5698	13.0367	10.3632
0.0935	10.0998	8.8394
-0.069	7.6469	-6.5743
-0.9174	9.4897	-8.523
-0.2134	14.5151	-9.2563
0.1924	5.2232	2.1435
0.2971	8.9594	-8.0418
-0.0072	14.6602	10.1396
-0.8111	4.6628	0.5496
-0.3284	11.8657	9.6001
-0.1043	4.8343	-0.9023
0.5759	11.7803	9.394
0.4508	5.3122	-1.5327
-0.1107	12.7433	-9.7527
-0.4624	5.6517	3.3018
0.136	5.0937	-0.4974
0.1014	5.2921	-2.098
0.3489	4.9696	2.5491
-0.2442	4.6	-2.2107
-0.3619	6.3805	-3.5896
0.3815	12.0427	9.3229
-0.1609	12.9679	10.3034
0.0464	6.1598	-5.2769
0.1476	9.258	7.0811
-0.4002	7.2011	-6.3032
-0.398	6.8131	4.893
-0.9315	9.6694	-8.5175
-0.2125	5.6935	5.6668
0.0197	14.7758	9.7668
0.2127	12.6618	10.2063
-0.1205	11.5292	-9.3061
-0.0218	6.9592	-5.9658
0.7611	9.4931	8.7883
0.9178	5.3396	3.0775
-0.9472	6.2094	4.5161
-0.2959	8.0688	7.1642
0.7172	9.0987	-8.2904
-0.0628	6.7943	-5.377
-0.6845	5.6429	-2.4897
0.3488	5.7969	-1.4997
-0.3096	9.832	-8.7454
0.467	6.0435	-3.4867
0.5754	8.1745	8.005
-0.1859	7.9918	7.8128
-0.3116	5.8596	-1.2127
0.0873	5.1132	1.3468
-0.0017	5.6903	-3.6485
0.7276	7.5352	6.658
-0.3308	5.9701	1.2031
0.0544	7.1679	7.6626
-0.2045	11.8062	9.7578
-0.0759	12.8217	9.6843
-0.9181	4.8133	0.4573
-0.0644	11.4385	9.1834
-0.1093	8.0196	6.226
0.5263	6.3259	-3.7135
0.1988	6.2192	-5.53
-0.2593	6.9459	-4.9667
0.0382	5.5129	-3.2257
-0.4206	14.0647	-9.6057
-0.3579	12.7093	9.3134
0.9408	6.077	-4.5055
-0.1553	5.3745	-3.1621
-0.2293	7.1811	5.3279
0.7775	6.1408	4.2187
0.0103	6.2942	-3.9624
-0.1018	6.802	-6.2516
0.6993	5.5349	0.1814
-0.0268	12.7955	9.6335
-0.7648	6.5439	-6.1752
0.5917	7.138	-6.3462
0.26	8.5689	7.7167
0.237	8.1285	7.677
0.7969	6.1265	-4.1636
0	4.9849	1.1819
-0.1851	6.1969	5.0064
-0.3081	5.7379	3.7051
-0.1487	6.5002	-3.752
-0.5925	9.0108	-8.0509
-0.4215	8.8989	-8.5833
-0.0793	6.8408	4.2885
-0.2905	5.787	4.9106
0.2377	9.7494	8.2399
-0.0119	9.4591	-8.3541
0.1562	12.048	-9.9479
-0.0041	5.7578	4.699
-0.1	13.0704	9.5522
0.1517	11.8925	-8.541
-0.649	11.4481	8.8509
-0.0958	10.1363	-9.5115
-0.1926	8.2549	6.7444
-0.8029	5.1677	-2.2622
-0.3364	10.3251	-9.0255
-0.3849	12.8549	10.4013
-0.0475	6.0638	4.1288
0.6432	5.2684	3.7657
0.1378	5.3996	2.7514
-0.1374	6.0172	5.1092
0.1742	9.7336	-9.0244
-0.6039	11.5179	9.9035
-0.6757	11.1976	-8.4743
-0.0036	6.4947	5.2574
0.775	11.8925	-9.9675
0.3281	10.7834	-9.0043
-0.7987	6.8949	4.8323
0.2012	14.1494	10.5055
0.4	10.8571	9.7187
0.0001	12.4919	9.6805
0.1606	12.6975	8.9019
0.9401	11.7902	-9.1796
0.0748	5.3276	3.9844
-0.0033	6.2154	-4.8644
-0.3986	14.9302	10.16
-0.3237	14.9847	10.1638
-0.1778	13.138	10.1438
0.0186	5.3593	5.2008
-0.0436	11.6824	10.4794
-0.6717	13.5606	-9.5508
0.103	7.5919	-6.6296
-0.035	9.1909	-8.9869
-0.0375	8.9215	7.8469
-0.569	10.8343	-8.8615
-0.064	5.0782	-2.0215
-0.6759	5.3082	-3.4413
0.2866	10.1518	-8.6397
0.3433	5.5371	3.0967
0.3694	7.8343	5.5644
0.1206	14.8756	-10.2593
0.5891	5.9806	4.3936